c 640 480 200.0 0.0 0.0 1.0 0.0 0.0 200.0 100.0 100.0 200.0 2
p 0.0 0.0 0.0 0.0 0.0 1.0 32 178 170 0.4 0.1 0.1 0.8 0.0 50 1.0
s 200.0 100.0 140.0 40.0 112 128 144 0.8 0.1 0.1 0.3 0.0 50 1.0
s 150.0 300.0 30.0 60.0 112 128 144 0.0 0.5 0.0 0.1 0.9 2000 0.8
s 300.0 300.0 50.0 50.0 255 69 0 0.8 0.1 0.1 0.0 0.0 50 1.0
t 9 9
-50.00 -400.00 -200.00
300.00 60.00 -200.00
300.00 -400.00 -150.00
0.00 50.00 200.00
0.00 -50.00 200.00
86.60 -50.00 50.00
86.60 50.00 50.00
-86.60 -50.00 50.00
-86.60 50.00 50.00
1 2 3
4 5 6
4 6 7
7 6 8
7 8 9
6 5 8
9 8 5
9 5 4
4 7 9
138 43 226 0.5 0.5 0.3 0.4 0.0 30 1.0
a 255 255 255
l 0.0 200.0 400.0 104 104 104
l 200.0 0.0 300.0 104 104 104
l 200.0 200.0 500.0 104 104 104
l 100.0 100.0 200.0 104 104 104
